161.2638824
182.1771892
182.1771892
197.0929045
256.4843143
256.4843143
256.4843143
256.4843143
256.4843143
273.4320739
273.4320739
273.4320739
274.2300476
276.1187528
276.1187528
276.1187528
279.7152799
280.4957866
280.4957866
282.5453944
282.5453944
282.5453944
282.5453944
282.5453944
282.5453944
285.7806297
289.3667576
289.3667576
289.3667576
289.3667576
290.0997267
290.0997267
290.0997267
290.0997267
290.0997267
290.0997267
290.0997267
290.0997267
290.1682001
290.1928083
290.9173717
291.1251817
291.1983271
291.3857941
292.4501339
292.4501339
293.5915179
294.6975923
294.6975923
295.2186589
309.4990072
309.4990072
314.0446083
320.7507858
326.9823621
326.9823621
326.9823621
332.4697927
333.5066817
333.5066817
333.9042621
336.8895629
338.8884533
338.8884533
338.8884533
338.8912509
340.8237338
341.4995769
341.4995769
341.8564801
347.5479914
347.5479914
347.5479914
347.5479914
347.5479914
347.5479914
347.5479914
347.5479914
347.5479914
347.5479914
347.5479914
347.5479914
347.5479914
347.5479914
347.5479914
347.5479914
347.5479914
347.5479914
348.1906168
348.4003026
348.8127953
348.8127953
348.8127953
348.9322511
349.0240293
349.1084759
349.1739527
349.5558433
351.2613652
351.2613652
351.9855126
352.2273068
352.3227277
352.360691
352.360691
352.3667542
352.3667542
352.3667542
352.3671422
352.3672974
352.3673594
352.3673843
352.3673942
352.3673982
352.3673998
352.3674004
352.3674007
352.3674008
352.3674008
352.3674008
352.3674008
352.3674008
352.3674008
352.3674008
352.3674008
352.3674008
352.3674008
352.3674008
352.3674008
352.3674008
352.3674008
352.3674008
352.3674008
352.3674008
352.7235125
352.7235125
352.7235125
352.7235125
352.7235125
352.7235125
353.6964941
354.2443909
354.2443909
354.2443909
354.2777764
354.3606864
354.4093429
354.4621864
354.513068
354.5495612
354.5985057
354.6358406
354.6507746
354.6567481
354.6731876
354.6841136
354.688484
354.6987865
354.7032117
354.7063851
354.7111965
354.7131211
354.7158427
354.7176639
354.7298029
354.7298029
354.7345225
354.7345225
354.7345225
354.7345225
354.7345225
354.7345225
354.7345446
354.734647
354.7877572
354.7877572
354.7980023
354.7980023
354.7980023
354.7980023
354.7993825
354.7993825
354.7993825
354.7993825
354.7993825
354.7993825
354.7993975
354.7994035
354.7994059
354.7994068
354.7994072
354.8202418
354.8322281
354.8453564
354.8607688
354.8769797
354.883464
354.8887407
354.8921686
354.894613
354.8955907
354.9148559
354.922035
354.9276198
355.1143139
355.1766847
355.2781996
355.3296551
355.4706673
355.6151046
355.6675356
356.247529
356.8455491
356.8455491
356.8455491
356.8455491
356.8455491
356.8455491
356.8455491
356.8455491
356.8455491
357.1672538
357.6353323
357.6353323
357.6353323
358.7761457
358.800616
358.800616
358.800616
358.800616
358.800616
359.2338125
359.2338125
359.2338125
359.2338125
359.2591143
359.2591143
359.2591143
359.2591143
359.2591143
359.2591143
359.2591143
359.2591143
359.2591143
359.2591143
359.2591143
359.2591143
359.2591143
359.2591143
359.2591143
359.2591143
359.450976
359.5569596
359.5569596
359.5569596
359.6259724
359.6259724
359.6522808
359.6739117
359.6825601
359.6971243
359.7017197
359.7017197
359.7059042
359.7076537
359.7088175
359.7092521
359.7098915
359.7101472
359.7102495
359.7103813
359.710456
359.710531
359.7105879
359.7106296
359.71065
359.7106587
359.7106632
359.7106651
359.710666
359.7106664
359.7106665
359.7106666
359.7106684
359.7106696
359.7106702
359.7106704
359.7106706
359.7106709
359.710671
359.7106711
359.7106712
359.7106712
359.7106713
359.7106713
359.7106713
359.7106713
359.7106713
359.7106713
359.7106713
359.7106713
359.7106713
359.7106713
359.7106713
359.7106713
359.7106713
359.7106713
359.7106713
359.7106713
359.7106713
359.7106713
359.7106713
359.7106713
359.7106713
359.7106713
359.7106713
359.7106713
359.7106713
359.7106713
359.7106713
359.7106713
359.7106713
359.7106713
359.7106713
359.7106713
359.7106713
359.7106713
359.7106713
359.7106713
359.7106713
359.7162694
359.7220131
359.7252679
359.7292196
359.7334217
359.737404
359.7389968
359.7410014
359.743979
359.7472739
359.7497663
359.752129
359.7533889
359.7544318
359.7562001
359.7562001
359.7562001
359.7562001
359.7562001
359.7562001
359.7562812
359.7562812
359.7562812
359.7562864
359.7562864
359.7562873
359.7562876
359.7562877
359.7562878
359.7562878
359.7562878
359.7562878
359.7562878
359.7562878
359.7562878
359.7562878
359.7562878
359.7562878
359.7562878
359.7562878
359.7562878
359.7562878
359.7562878
359.7562878
359.7562878
359.7562878
359.7562878
359.7562878
359.7562878
359.7562878
359.7562878
359.7562878
359.7562878
359.7562878
359.7562878
359.7562878
359.7562878
359.7562878
359.7562878
359.7562878
359.7562878
359.7562878
359.7562878
359.7562878
359.7562878
359.7562878
359.7562878
359.7562878
359.7562878
359.7562878
359.7562878
359.7562878
359.7562878
359.7562878
359.7562878
359.7562878
359.7562878
359.7562878
359.7562878
359.7562878
359.7562878
359.7562878
359.7562878
359.7562878
359.7562878
359.7562878
359.7562878
359.7562878
359.7562878
359.7562878
359.7562878
359.7562878
359.7562878
359.7562878
359.7562878
359.7562878
359.7562878
359.7562878
359.7562878
359.7562878
359.7562878
359.7562878
359.7562878
359.7562878
359.7562878
359.7562878
359.7562878
359.7562878
359.7562878
359.7562878
359.7562878
359.7562878
359.7562878
359.7562878
359.7562878
359.7562878
359.7562878
359.7562878
359.7562878
359.7562878
359.7562878
359.7562878
359.7562878
359.7562878
359.7562878
359.7562878
359.7562878
359.7562878
359.7562878
359.7562878
359.7562878
359.7562878
359.7562878
359.7562878
359.7564881
359.7564881
359.7564881
359.7564881
359.7565504
359.7567572
359.7567572
359.7568323
359.7568323
359.7568444
359.7568492
359.7918558
359.7918558
359.7918558
359.7918558
359.7927843
359.7931557
359.7933042
359.7933042
359.7933042
359.7933138
359.7933176
359.7933176
359.7933182
359.7933182
359.7933182
359.7933182
359.7933182
359.7933182
359.7933182
359.7933182
359.7933182
359.7933182
359.7933182
359.8248308
359.8269959
359.840467
359.8469136
359.8759644
359.8904921
359.9068068
359.9133327
359.9133327
359.9133327
359.9133327
359.9191304
359.9248208
359.9293391
359.9326493
359.9339733
359.9390297
359.9435485
359.9435485
359.9435485
359.9435485
359.9435485
359.946608
359.9509843
359.9539586
359.9573947
359.9601931
359.9613125
359.9634612
359.9636486
359.9636486
359.9636486
359.9636486
359.9636814
359.9637056
359.9637296
359.9637432
359.9637552
359.9637676
359.9637729
359.9637769
359.9637785
359.9637805
359.9637821
359.9637833
359.9637839
359.9637843
359.9637847
359.9637849
359.963785
359.9637852
359.9637852
359.9637853
359.9637853
359.9637853
359.9637853
359.9637854
359.9637854
359.9637854
359.9638712
359.964011
359.9641711
359.9643543
359.9645566
359.9647048
359.9650595
359.9653523
359.9656584
359.9658701
359.9661916
359.9664551
359.9666714
359.9667143
359.9667282
359.9667374
359.9667428
359.9667481
359.966751
359.9667525
359.9667547
359.9667557
359.9667577
359.9667594
359.9667604
359.9667611
359.9667614
359.9667617
359.9667619
359.9667621
359.9667622
359.9667623
359.9667623
359.9667623
359.9667623
359.9702092
359.9702092
359.9702092
359.9707577
359.9722098
359.9728483
359.9737487
359.9758011
359.9786059
359.9817681
359.9817681
359.9817681
359.9817681
359.9819209
359.981982
359.9820064
359.9820162
359.9820201
359.9820217
359.9820223
359.9820226
359.9821664
359.9823473
359.9823743
359.9826565
359.9826565
359.982706
359.982706
359.982706
359.9833618
359.9833618
359.9835424
359.9835424
359.9840059
359.984316
359.9851574
359.9856889
359.9859015
359.9859865
359.9860206
359.9860342
359.9860396
359.9860418
359.9860426
359.986043
359.9860766
359.9860949
359.9861153
359.9877084
359.9892402
359.9904864
359.9913355
359.9961986
359.999353
359.999887
360.0012435
360.0032615
360.0047223
360.0047223
360.005359
360.0054256
360.0061228
360.0076726
360.0085715
360.0094255
360.0096929
360.0100125
360.0104057
360.0110157
360.0111819
360.0113855
360.0116336
360.0116424
360.0116499
360.0116529
360.0116626
360.0116713
360.0116781
360.0116839
360.0116879
360.0116932
360.0116976
360.0117006
360.0117018
360.0117046
360.0117069
360.0117087
360.0117094
360.0117117
360.0117141
360.0117158
360.0117172
360.0117185
360.0117193
360.0117199
360.0117207
360.0117214
360.0117219
360.0117223
360.0117224
360.0117226
360.0117227
360.0117228
360.011723
360.0117231
360.0117231
360.0117232
360.0117233
360.0117234
360.0117234
360.0117235
360.0117235
360.0117236
360.0117236
360.0117237
360.0117237
360.0117237
360.0117238
360.0117238
360.0117238
360.0117239
360.0117239
360.0117239
360.0117239
360.011724
360.011724
360.011724
360.011724
360.011724
360.0117241
360.0117241
360.0117241
360.0117241
360.0117241
360.0117241
360.0117241
360.0117241
360.0117241
360.0117241
360.0117241
360.0117241
360.0117241
360.0117241
360.0117241
360.0117241
360.0117241
360.0117241
360.0117241
360.0117241
360.0117241
360.0117241
360.0117241
360.0117241
360.0117241
360.0117241
360.0117241
360.0117241
360.0117241
360.0117241
360.0117241
360.0117241
360.0117241
360.0117241
360.0117241
360.0117241
360.0117241
360.0117241
360.0117241
360.0117241
360.0117241
360.0117241
360.0117241
360.0117241
360.012425
360.0129914
360.013218
360.0137971
360.0139377
360.014396
360.0147418
360.0150493
360.015401
360.0156937
360.0159594
360.0350464
360.0350464
360.0428044
360.0503031
360.0560336
360.0593709
360.0607058
360.0612397
360.0614533
360.0615387
360.0615729
360.0621714
360.0621714
360.0621714
360.0634912
360.064253
360.0656187
360.1009457
360.1745419
360.2397116
360.4506237
360.5054538
360.5175909
360.6932169
360.7169236
360.8813469
360.9593668
360.9816615
361.2103497
361.360933
361.4209414
361.444909
361.6142164
361.6345607
361.9932105
362.0890674
362.1324846
362.502819
362.5477063
362.7038178
362.7510928
362.7964065
362.8431836
362.9115186
362.9388525
362.9704034
362.9704034
362.9704034
362.9704034
362.9704034
362.971279
362.9716292
362.9717693
362.9718253
362.9718477
362.9718567
362.9718603
362.9718617
362.9718623
362.9718625
362.9718626
362.9718626
362.9718626
362.9718626
362.9718626
362.9718627
362.9718627
362.9718627
362.9718627
362.9718627
362.9718627
362.9718627
362.9718627
362.9718627
362.9718627
362.9718627
362.9718627
362.9718627
362.9718627
362.9718627
362.9718627
362.9718627
362.9718627
362.9718627
362.9718627
362.9718627
362.9718627
362.9718627
362.9718627
362.9718627
362.9718627
362.9718627
362.9718627
362.9718627
362.9718627
362.9718627
362.9718627
362.9718627
362.9718627
362.9718627
362.9718627
362.9718627
362.9718627
362.9718627
362.9718627
362.9718627
362.9718627
362.9718627
362.9718627
362.9718627
362.9826842
362.9826842
362.9880505
362.9880505
362.988909
362.988909
362.988909
362.988964
362.9892288
362.9892288
362.9904472
362.9909345
362.9911295
362.9912074
362.9918544
362.9925053
362.9930119
362.9932146
362.993527
362.9936582
362.9937522
362.9938585
362.9939176
362.9939557
362.9939893
363.031514
363.0460033
363.0905822
363.1351511
363.1398062
363.24312
363.24312
363.24312
363.24312
363.273905
363.273905
363.2938689
363.3018544
363.3050486
363.3205782
363.3205782
363.3277403
363.3316827
363.3332963
363.3355697
363.3372765
363.3386103
363.3393562
363.3397201
363.3399062
363.3400209
363.340117
363.3401943
363.3402282
363.3402483
363.3402564
363.3402616
363.3402646
363.3402657
363.3402665
363.3402671
363.3402674
363.3402682
363.3402688
363.3402694
363.3402696
363.34027
363.3402702
363.3402703
363.3402703
363.3402704
363.3402704
363.3402705
363.3402705
363.3402705
363.3402706
363.3402706
363.3402706
363.3402706
363.3402706
363.3402706
363.3402706
363.3402706
363.3402706
363.3402706
363.3402706
363.3402706
363.3402706
363.3402706
363.3402706
363.3402706
363.3402706
363.3402706
363.3402706
363.3402706
363.3402706
363.3402706
363.3402706
363.3402706
363.3402706
363.3402706
363.3402706
363.3402706
363.3402706
363.3402706
363.3402706
363.3402706
363.3402706
363.3402706
363.3402706
363.3402706
363.3402706
363.3402706
363.3402706
