252.5024637
252.5024637
256.9008427
260.4288651
268.3089776
273.0158333
279.5149816
281.9471433
286.0577261
286.7447334
286.7447334
298.1569002
298.1569002
298.1569002
299.5462011
299.5462011
299.8182219
300.3472034
302.7798416
302.7798416
302.8352801
302.83528
302.8352801
303.5546767
308.6247125
309.8185827
312.2352043
313.0230448
313.0230448
313.0230448
313.0230448
313.0230448
313.0230448
315.0988843
323.1187247
323.3078293
324.5177043
324.5177043
325.3897498
327.8233621
327.8233621
327.8233621
327.8444578
327.8444577
327.8444577
327.8444577
327.8444577
327.8444578
328.5520969
331.9551261
334.9021402
335.3267783
335.3267784
335.3267784
335.3267784
335.3267783
335.851136
336.62075
337.8745831
338.0546941
342.2441356
342.2441356
342.2441356
342.3133525
342.3133525
343.7898759
346.2780901
346.8997201
349.1473322
349.1473322
349.1473322
350.9496137
351.0155993
351.0155992
351.6453678
351.6453678
352.131833
354.8222394
358.2152924
358.6117539
358.6117539
358.6117539
358.6246504
359.4689373
362.3198954
366.3595014
366.3595014
366.3595014
366.3595014
366.3595014
366.3595014
366.3595014
366.3595014
366.3595014
366.3595014
366.5774916
367.0699778
367.3090849
367.309085
367.309084
367.309084
367.3090849
367.3090849
367.3090849
367.309084
367.3090849
367.309084
367.309084
367.309084
367.309084
368.2072334
369.382439
369.612813
372.2343236
372.2343236
372.4083796
372.4083796
372.9251768
372.9251768
372.9251768
375.978691
375.9786917
375.9786917
375.978691
376.1062298
376.1062298
376.1989341
376.20762
376.2874362
380.389813
381.5100097
381.5100097
381.6171788
381.617178
381.6171788
381.6171788
381.6171788
382.6559688
382.6559688
382.655968
382.6559689
382.6559688
382.6559688
382.655968
382.6559688
382.6559688
382.6559688
382.6559688
382.655968
382.6559688
382.655968
382.6559688
382.655968
382.984823
382.9848236
383.222475
383.222475
386.50479
386.50479
387.2406678
387.2406678
387.2406678
387.2406678
387.2406678
387.2406678
387.240667
387.240667
387.2406678
387.2406678
387.2406678
389.12827
389.12827
389.12827
389.12827
389.12827
389.12827
389.12827
389.12827
389.12827
389.12827
389.12827
389.12827
391.1207
391.1207
391.1207
391.1207008
391.1207008
391.1207008
391.1207
391.1207008
391.1207009
391.1207
391.1207
391.1207008
391.1207009
391.1207008
391.1207
391.1207
391.1207
391.1207008
391.1207
391.1207
391.1207008
391.1207008
391.1207008
392.691127
392.6911274
392.6911274
392.6911274
392.6911274
393.585032
393.585032
393.585032
393.6901048
393.6901048
394.2933552
394.2933552
394.2933552
394.2933552
394.5414354
397.9861868
397.986186
397.9861868
397.9861869
399.0631099
399.063109
399.404361
399.4043613
399.4043613
399.4043613
399.4043613
399.4043613
399.4043613
400.5120982
401.7308861
403.5419543
404.8161694
404.8161694
404.8161694
405.3555927
405.3555927
405.3555927
405.5104495
407.655158
408.5181462
408.518146
409.1737208
409.9434547
410.5464403
410.54644
410.5464403
410.54644
410.5464403
410.986933
410.9869337
411.1404696
413.1959472
413.1959472
413.195947
413.1959472
413.1959472
413.1959472
413.195947
413.1959472
413.1959472
413.783784
413.7837843
413.783784
413.7837843
413.783784
413.783784
413.7837843
414.0458174
414.0458174
414.0458174
416.1875306
416.18753
416.18753
416.8270347
421.1607212
421.160721
421.1607212
421.1607212
421.1607212
421.223267
421.8568155
423.0220404
423.0220404
423.0220404
423.02204
424.4666583
424.466658
424.466658
424.466658
424.4666583
424.466658
425.38824
425.3882402
425.3882402
425.38824
426.418082
426.4180828
426.418082
426.4180828
427.4290048
427.4290048
427.429004
427.429004
427.4290048
427.4290048
427.429004
427.4290048
427.429004
427.4290048
427.4290048
427.429004
427.429004
427.429004
427.429004
427.4290048
427.4290048
427.4290048
427.867416
427.8674161
427.867416
427.8674161
427.867416
427.867416
427.867416
427.8674161
427.8674161
428.3861055
429.725723
429.767786
429.767786
430.2707255
432.3118642
432.3118642
434.4699108
434.4699108
434.46991
434.982924
434.982924
434.9829249
434.982924
434.9829249
435.0120278
435.3071537
435.307153
436.0199965
436.0199965
436.0199965
436.0199965
436.019996
436.019996
436.4984374
440.199634
440.199634
440.769844
442.673891
446.319215
446.319215
448.0051437
450.771466
452.176182
453.741137
454.06776
455.4611563
455.461156
455.855777
455.8557775
455.8557775
455.855777
456.2299458
456.229945
458.993594
458.9935942
458.993594
458.993594
458.9935942
458.993594
458.9935942
458.9935942
458.993594
458.993594
458.993594
458.993594
458.9935942
458.9935942
458.9935942
459.831556
459.8315563
463.2281719
463.228172
464.070302
464.0703028
464.0703028
464.566407
464.566407
464.5664077
464.566407
464.5664077
464.5664077
464.8519946
464.8519946
464.8519946
464.851994
465.4261543
466.7447741
466.7447741
466.7447741
468.2325873
468.2325873
468.2325873
468.2325873
468.232587
468.232587
468.232587
469.392658
469.555684
470.3549573
470.902324
470.902324
470.902324
472.218676
473.198056
473.1980567
473.198056
473.198056
473.198056
473.198056
473.198056
473.364393
473.674259
480.936935
480.936935
480.9369354
480.9369354
480.9369354
480.9369354
480.936935
480.9369354
480.936935
480.936935
480.936935
480.9369354
481.7566392
481.756639
481.7566392
483.972383
484.401695
484.621763
484.621763
484.621763
484.621763
484.621763
484.621763
484.621763
484.9517693
484.9517693
484.951769
484.951769
485.632128
485.632128
485.632128
486.3496998
487.074695
487.402276
487.4022768
487.402276
488.538801
488.960684
489.0259553
489.0259553
490.5395454
490.5395454
490.539545
490.5395454
492.634024
492.6340242
492.6340242
492.634024
492.634024
492.6340242
492.634024
492.6340242
492.6340242
492.6340242
492.6340242
492.9251468
492.9251468
492.9251468
492.9251469
492.9251468
492.925146
492.9251468
492.925146
492.925146
492.9251468
492.925146
492.9251468
492.9251468
492.925146
492.925146
492.9251468
492.9251468
492.925146
492.9251468
492.925146
492.9251468
492.925146
492.9251468
492.9251468
492.925146
492.9251468
492.925146
492.9251469
492.925146
492.9251468
492.925146
492.9251469
492.9251468
492.9251468
492.9251468
492.925146
492.925146
492.925146
492.925146
492.925146
492.925146
492.9251468
492.925146
492.925146
493.372175
494.1310986
494.1310986
494.1310987
494.699793
494.699793
494.699793
494.699793
494.836577
495.674491
495.674491
495.674491
495.674491
495.674491
495.674491
495.674491
495.674491
495.6744911
495.674491
496.7353781
496.735378
496.7353781
496.7353781
496.7353781
496.735378
497.5818612
497.5818613
497.5818613
497.5818612
497.5818612
497.581861
497.5818612
497.5818612
501.44632
501.4463207
501.4463207
501.44632
501.44632
501.44632
501.4463207
501.4463208
501.44632
501.4463207
501.4463207
501.4463208
501.4463207
501.44632
501.4463207
501.4463207
501.4463207
501.44632
501.4463207
501.44632
501.4463208
501.578438
501.578438
501.5784387
501.5784387
501.5784387
501.5784387
501.578438
501.578438
501.578438
501.578438
501.5784387
501.5784387
501.578438
501.578438
501.5784387
501.5784387
501.578438
501.5784387
501.5784387
501.5784387
501.5784387
501.578438
501.578438
501.5784387
501.578438
501.5784387
501.578438
501.578438
501.5784387
501.578438
501.5784387
501.578438
501.5784387
501.5784387
501.578438
501.5784387
501.578438
501.578438
501.578438
501.578438
501.578438
501.578438
501.5784387
501.5784387
501.5784387
501.5784387
501.5784387
501.5784387
501.5784387
501.5784387
501.5784387
501.5784387
501.5784387
501.578438
501.578438
501.5784387
501.578438
501.578438
501.578438
501.5784387
501.578438
501.5784387
501.5784387
501.5784387
501.5784387
501.5784387
501.5784387
501.578438
501.578438
501.5784387
501.578438
501.5784387
501.5784387
501.578438
501.5784387
501.578438
501.578438
501.578438
501.5784387
501.5784387
501.5784387
501.5784387
501.5784387
501.578438
501.5784387
501.578438
501.5784387
501.5784387
501.5784387
501.578438
501.5784387
501.578438
501.5784387
501.5784387
501.5784387
501.5784387
501.5784387
501.578438
501.578438
501.5784387
501.5784387
501.5784387
501.5784387
501.5784387
501.578438
501.578438
501.5784387
501.5784387
501.5784387
501.5784387
501.578438
501.578438
501.5784387
501.578438
501.5784387
501.5784387
501.5784387
501.578438
501.578438
501.578438
501.5784387
501.5784387
501.5784387
501.5784387
501.5784387
501.588711
501.588711
501.588711
501.588711
502.013378
502.0133785
502.105731
502.1577046
502.8159545
503.412578
503.4125781
503.7445206
503.7445205
503.7445205
503.7445205
503.7445205
503.7445205
503.74452
503.996199
504.0386509
504.0386509
504.0386509
504.0386509
504.03865
504.0386509
504.0386509
504.03865
504.0386509
504.03865
504.0386509
504.03865
504.03865
504.0386509
504.038651
504.03865
504.0386509
504.0386509
504.0386509
504.0386509
504.03865
504.0386509
504.038651
504.0386509
504.03865
504.03865
504.03865
504.03865
504.03865
504.038651
504.03865
504.0386509
504.0386509
504.03865
504.0386509
504.03865
504.0386509
504.0386509
504.0386509
504.0386509
504.03865
504.03865
504.0386509
504.0386509
504.03865
504.03865
504.0386509
504.0386509
504.0386509
504.03865
504.0386509
504.0386509
504.0386509
504.0386509
504.0386509
504.0386509
504.03865
504.0386509
504.03865
504.0386509
504.03865
504.03865
504.0386509
504.0386509
504.0386509
504.03865
504.0386509
504.0386509
504.03865
504.0386509
504.03865
504.03865
504.0386509
504.0386509
504.03865
504.0386509
504.0386509
504.0386509
504.0386509
504.0386509
504.038651
504.0386509
504.0386509
504.0386509
504.03865
504.0386509
504.0386509
504.03865
504.0386509
504.0386509
504.0386509
504.03865
504.03865
504.0386509
504.0386509
504.03865
504.03865
504.03865
504.0386509
504.038651
504.0386509
504.03865
504.038651
504.03865
504.0386509
504.03865
504.03865
504.0386509
504.0386509
504.03865
504.03865
504.03865
504.03865
504.03865
504.0386509
504.03865
504.0386509
504.0386509
504.03865
504.03865
504.03865
504.0386509
504.0386509
504.03865
504.03865
504.03865
504.03865
504.03865
504.03865
504.0386509
504.0386509
504.0386509
504.0386509
504.0386509
504.0386509
504.0386509
504.0386509
504.03865
504.0386509
504.0386509
504.038651
504.03865
504.0386509
504.0386509
504.0386509
504.0386509
504.03865
504.0386509
504.03865
504.0386509
504.03865
504.03865
504.0386509
504.0386509
504.03865
504.0386509
504.03865
504.0386509
504.03865
504.03865
504.0386509
504.5911715
505.7334532
505.733453
505.7334532
505.7334532
505.7334532
505.733453
505.7334532
505.7334532
505.7334532
505.733453
505.733453
505.733453
505.733453
505.733453
505.733453
505.733453
505.733453
505.7334532
505.7334532
505.7334532
505.7334532
505.733453
505.733453
505.7334532
505.733453
505.733453
505.7334532
505.733453
505.7334532
505.7334532
505.7334532
505.733453
505.9824276
507.751345
507.7513452
507.7513451
507.751345
507.751345
507.751345
507.7513452
507.7513451
507.751345
507.7513451
507.751345
507.7513451
507.751345
507.7513451
507.7513451
507.751345
507.751345
507.7513451
507.751345
507.751345
507.751345
507.751345
507.751345
507.7513452
507.751345
507.7513451
507.7513451
507.751345
507.751345
507.751345
507.751345
507.751345
507.751345
507.7513451
507.751345
507.7513451
507.751345
507.7513451
507.751345
507.7513451
507.7513451
507.751345
507.7513451
507.7513452
507.7513451
507.7513451
507.7513452
507.7513451
507.751345
507.7513451
507.7513451
507.751345
507.7513452
507.7513451
507.751345
507.7513451
507.7513451
507.751345
507.7513451
507.7513451
507.751345
507.7513451
507.751345
507.7513451
507.7513451
507.751345
507.751345
507.7513451
508.3287004
508.3287004
508.3287
508.3287
508.3287
508.3287
